$ 1 0.000005 10.20027730826997 50 5 43 5e-11
r 704 128 912 128 0 10
s -80 176 -16 176 0 1 false
w 672 48 672 320 0
c 688 288 480 288 4 0.000015 0.9064935058062809 -10 0
v -144 352 -144 176 0 0 40 3.3 0 0 0.5
r 384 352 448 352 0 100
407 -16 176 80 176 1
r -80 176 -144 176 0 560
w -16 208 -16 352 0
w -16 352 -144 352 0
f 144 16 224 16 32 1.5 0.02
r 80 48 80 -80 0 6600
w 80 208 80 272 0
g -144 352 -176 368 0 0
w 80 272 80 352 0
w 80 352 -16 352 0
v 304 192 304 16 0 0 40 12 0 0 0.5
w 304 192 304 368 0
w 304 368 80 352 0
w 160 128 144 304 0
g 144 304 176 304 0 0
r 144 -80 144 16 0 6600
w 144 16 160 96 3
w 304 16 304 -80 0
w 304 -80 144 -80 0
w 144 -80 80 -80 0
f 496 96 576 96 32 1.5 0.02
w 80 112 80 48 0
w 80 112 80 176 2
t 112 112 160 112 0 1 0.6088275275957875 0.6379750013627205 100 default
w 112 112 80 112 1
o 3 64 0 4099 2.5 0.00009765625 0 2 3 3
o 0 64 0 4099 0.0000762939453125 0.00009765625 1 2 0 3
38 3 F1 0 0.000001 0.000101 -1 Capacitance
38 0 F1 0 1 101 -1 Resistance
